500.000000 -60.500000 -64.000000 0.050000 2.000000
500.000000 -55.500000 -64.000000 0.100000 1.960000
500.000000 -50.500000 -64.000000 0.070000 1.840000
500.000000 -45.500000 -64.000000 0.050000 1.610000
500.000000 -40.500000 -64.000000 0.070000 1.740000
500.000000 -35.500000 -64.000000 0.330000 3.200000
500.000000 -30.500000 -64.000000 0.220000 3.660000
500.000000 -25.500000 -64.000000 0.150000 3.040000
500.000000 -20.500000 -64.000000 0.140000 2.140000
500.000000 -15.500000 -64.000000 0.180000 2.670000
500.000000 -10.500000 -64.000000 0.080000 2.180000
500.000000 -5.500000 -64.000000 0.170000 1.930000
500.000000 -0.500000 -64.000000 0.100000 2.270000
500.000000 4.500000 -64.000000 0.070000 2.250000
500.000000 9.500000 -64.000000 0.150000 1.840000
500.000000 13.211066 -64.000000 0.190000 2.410000
500.000000 14.211066 -64.000000 0.080000 1.730000
500.000000 15.211066 -64.000000 0.140000 2.250000
500.000000 16.211066 -64.000000 0.130000 2.280000
500.000000 17.211066 -64.000000 0.130000 2.480000
500.000000 18.211066 -64.000000 0.130000 2.460000
500.000000 19.211066 -64.000000 0.160000 2.560000
500.000000 20.211066 -64.000000 0.160000 2.600000
500.000000 21.211066 -64.000000 0.120000 2.540000
500.000000 22.211066 -64.000000 0.140000 2.530000
500.000000 23.211066 -64.000000 0.110000 2.780000
500.000000 24.211066 -64.000000 0.130000 3.000000
500.000000 25.211066 -64.000000 0.120000 2.790000
500.000000 26.211066 -64.000000 0.170000 2.850000
500.000000 27.211066 -64.000000 0.130000 2.750000
500.000000 28.211066 -64.000000 0.290000 2.790000
500.000000 29.211066 -64.000000 0.120000 3.200000
500.000000 30.211066 -64.000000 0.230000 3.370000
500.000000 31.211066 -64.000000 0.230000 3.730000
500.000000 32.211066 -64.000000 0.210000 3.770000
500.000000 33.211066 -64.000000 0.210000 3.810000
500.000000 34.211066 -64.000000 0.300000 3.960000
500.000000 35.211066 -64.000000 0.330000 3.860000
500.000000 36.211066 -64.000000 0.370000 3.520000
500.000000 37.211066 -64.000000 0.320000 3.380000
500.000000 38.211066 -64.000000 0.390000 3.300000
500.000000 39.211066 -64.000000 0.260000 3.060000
500.000000 40.211066 -64.000000 0.140000 1.800000
500.000000 41.211066 -64.000000 0.060000 1.490000
500.000000 42.211066 -64.000000 0.060000 1.500000
500.000000 43.211066 -64.000000 0.060000 1.750000
500.000000 44.211066 -64.000000 0.040000 1.490000
500.000000 45.211066 -64.000000 0.060000 1.660000
500.000000 46.211066 -64.000000 0.100000 1.820000
500.000000 47.211066 -64.000000 0.070000 1.590000
500.000000 48.211066 -64.000000 0.080000 1.660000
500.000000 49.211066 -64.000000 0.050000 2.100000
500.000000 50.211066 -64.000000 0.080000 2.390000
500.000000 51.211066 -64.000000 0.080000 2.090000
500.000000 52.211066 -64.000000 0.040000 1.840000
500.000000 53.211066 -64.000000 0.070000 2.080000
500.000000 54.211066 -64.000000 0.050000 1.820000
500.000000 55.211066 -64.000000 0.070000 1.830000
500.000000 56.211066 -64.000000 0.060000 2.050000
500.000000 57.211066 -64.000000 0.090000 1.710000
500.000000 58.211066 -64.000000 0.060000 1.530000
500.000000 59.211066 -64.000000 0.160000 2.080000
500.000000 60.211066 -64.000000 0.100000 1.870000
500.000000 60.500000 -64.000000 0.040000 1.730000
500.000000 65.500000 -64.000000 0.120000 1.940000
500.000000 70.500000 -64.000000 0.120000 2.010000
500.000000 75.500000 -64.000000 0.060000 1.880000
500.000000 80.500000 -64.000000 0.070000 1.990000
500.000000 85.500000 -64.000000 0.140000 1.860000
500.000000 90.500000 -64.000000 0.030000 1.780000
500.000000 95.500000 -64.000000 0.090000 1.590000
500.000000 100.500000 -64.000000 0.090000 1.890000
500.000000 105.500000 -64.000000 0.110000 1.990000
500.000000 110.500000 -64.000000 0.100000 2.030000
500.000000 115.500000 -64.000000 0.150000 1.970000
500.000000 120.500000 -64.000000 0.100000 1.580000
500.000000 125.500000 -64.000000 0.120000 1.880000
500.000000 130.500000 -64.000000 0.120000 2.030000
500.000000 135.500000 -64.000000 0.090000 1.910000
500.000000 140.500000 -64.000000 0.120000 2.200000